intrinsic:
3134.213205931056 0.0 1200.0849679698758 
0.0 3168.218585624943 958.5632714552399 
0.0 0.0 1.0 
distortion:
-0.015537802156865229 3.6883272235020566 0.0453472460490321 -0.009599541039762783 -25.114843940685148 
