intrinsic:
3047.5684645544447 0.0 1106.1723043642041 
0.0 3049.8884984642855 616.631754010657 
0.0 0.0 1.0 
distortion:
0.2156713565540319 -1.380517197434931 -0.011599527267907537 -0.017631575635349214 8.676147341404597 
